#UNICO CONTROLLER INPUT FILE
1                   ! dEcho                     - print Echo file	[-]

#GEOMETRY DATA:
1                   ! Architecture_Selector     - 1:Hawt  2:Vawt                					[-]
1					! Darrieus_Selector			- 1: H-type 2: 				(Eggbeater-Type VAWT)	[-]
500					! Rotor_Area				- Rotor Area 				(Eggbeater-Type VAWT)	[m^2]
3                   ! dBlades_Number            - Number of Blades             						[-]
8.000               ! dRotorRadius              - Rotor Radius		             					[m]
8.000               ! dBlades_Height            - Blades Height 			(H-Type VAWT)   		[m]
3778.705            ! dRotInertia               - Rotor Inertia                 					[kg m^2]
1.225               ! dRhoAir                   - Air density                  						[kg m^-3]

#WIND TURBINE SPECS:
12                  ! dRtWSpd                   - Wind speed at rated power    	[m/s]
2850.00000000       ! dRtTq                     - Rated torque					[Nm]
15000.00000000      ! dRtPwr                    - Wind turbine rated power    	[W]
0.419297            ! dCpMax                    - Max Cp target					[-]
5.5                 ! dTSRopt                   - Target Tip-Speed-Ratio		[-]
 
#GENERATOR SPECS:
5.800000000         ! dRtGenSpeed               - Rated generator speed         		[rad/s]
0.9400000000000     ! dGenEff                   - Generator efficiency         			[-]
0.000000000000      ! dMinTq          			- Minimum generator torque     			[Nm]
5000.00000000      ! dMaxTq                    - Maximum generator torque     			[Nm]
2000.000000000      ! dMaxRat                 	- Maximum torque rate          			[Nm/s]
2.617990000000      ! dMinOMSpd                 - Minimum rotational speed     			[rad/s]
1					! GearBox_Ratio				- GenSpeed/RotSpeed, 1: Direct Drive	[-]

#CONTROL MODE:
1                   ! dRgn2Mode                 - Region 2 control mode 				(0: TSR tracking; 1: K-ω² law)     		 		   [-]
1                   ! dKSwitch                  - Switch for user imposed K 			(0: auto-calculate; 1: use dRgn2K)    	 		   [-]
127.72359           ! dRgn2K                    - Region 2 K coefficient 				(used only if dKSwitch=1)        				   [Nm/(rad/s)^2]
5.600               ! dOMSpdSwitch              - Switching speed Region 2 to 2.5 		(used only if dRgn2Mode=1)               		   [rad/s]
2.880               ! dMinOMSpdSwitch           - Switching speed Region 1.5 to 2 		(used only if dRgn2Mode=1)               		   [rad/s]
1                   ! dRgn3Mode                 - Region 3 control mode 				(0: rated power tracking; 1: linear reduction)     [-]
-0.02               ! dMRgn3Lin                 - Angular coefficient 					(used only if dRgn3Mode=1)                         [(rad/s)/(m/s)]
12                  ! dVLin                     - Wind speed to start linear reduction 	(used only if dRgn3Mode=1)          			   [m/s]

#DATA FILTERS and STATUS FLAGS:
0                   ! dWindSpeedFSw             - Windspeed Filter Switch 				(0: Off; Else:On)							[-]
4                   ! dWindSpeedFLPF            - Windspeed Filter frequency 														[Hz]
0                   ! dGenSpeedFSw              - Generator Speed Filter Switch 		(0: Off; Else:On)							[-]
4                   ! dGenSpeedFLPF             - Generator Speed Filter frequency 													[Hz]
0                   ! dRefSpeedFSw              - Ref Generator Speed Filter Switch 	(0: Off; Else:On)							[-]
4                   ! RefSpeedFLPF              - Ref Generator Speed Filter frequency 												[Hz]
-5                  ! dFPitch                   - Fixed pitch angle (-100: max Cp envelope; else: extract Cp/TSR at this pitch)		[rad]
0					! Pitch_LPF_Sw				- Pitch Filter Switch 					(0: Off; Else:On)							[-]
1					! Pitch_F_LPF				- Pitch Filter frequency 															[Hz]
0					! Torque_LPF_Sw				- Generator Torque Filter Switch 		(0: Off; Else:On)							[-]
4					! Torque_F_LPF				- Torque Filter frequency 															[Hz]
0					! Power_LPF_Sw				- Power Filter Switch 					(0: Off; Else:On)							[-]
4					! Power_F_LPF				- Power Filter frequency 															[Hz]
0					! LPF_StartingTime			- LowPass Filters Activation Time 													[s]
0.01                ! dZeros_Damping            - Notch Filter Zeros Damping 														[-]
0.3                 ! dPoles_Damping            - Notch Filter Poles Damping 														[-]
1                   ! dAWSwitch                 - Anti windup Switch 					(0: Off; else:On)							[-]
0                   ! dIntTermSwitch            - Integral Term Saturation Switch 		(0: Off; else:On)							[-]

#SET POINT SMOOTHER FILTERS and STATUS FLAGS:
0					! SPS_Mode					- Set Point Smoother Mode 					(0: Off; Else: On)	[-]
1					! SPS_Kvs					- Set Point Smoother Pitch Gain 								[-]
1					! SPS_Kpc					- Set Point Smoother Power Gain 								[1/W]
0.524				! SPS_Abbas_Factor			- Normalization Factor from Abbas 			(0.524 [rad])		[rad]	
1					! PS_F_LPF					- Minimum Pitch Selector Filter frequency 						[Hz]
0					! PS_LPF_Sw					- Minimum Pitch Selector Filter Switch 		(0: Off; Else: On)	[-]
1					! SPS_LPF_Sw				- Set Point Smoother Output Filter Switch 	(0: Off; Else:On)	[-]
1					! SPS_F_LPF					- Set Point Smoother Output Filter frequency 					[Hz]

#PITCH CONTROL INPUTS:
0.00				! Pitch_Rate				- Maximum Pitch Rate 											[Rad/s]
1.570				! Max_Pitch					- Maximum Pitch Angle 											[Rad]

#WINDSPEED ESTIMATOR INPUTS:
0					! WSE_Mode					- Wind Speed Estimator Mode  (0: Raw Windspeed; 1: TBE; 2: EKF)	[-]
0.0067				! Process_Noise_Q			- Process Noise Covariance 										[-]
0.02				! Measurement_Noise_R   	- Mesaurement Noise Covariance 									[-]
1					! TBE_F_LPF					- Torque Balance Estimator Filter frequency 					[Hz]
1					! EKF_F_LPF					- Extended Kalman Filter frequency 								[Hz]
0.02				! Rm						- Mesaurement Noise Covariance									[-]
0.18				! Ti						- Turbulence Intensity for Process Noise 						[-]
	
#TORQUE CONTROLLER GAINS (GS on generator speed):
3                                          	! nKpBr - Number of points [-]
1.00  -3161                                 ! GS [rad/s]  KpBr [Nms/rad]
3.00  -3161                                 ! GS [rad/s]  KpBr [Nms/rad]
5.60  -3161                                 ! GS [rad/s]  KpBr [Nms/rad]
2                                          	! nKiBr - Number of points [-]
1.00  -1419                            	   	! GS [rad/s]  KiBr [Nm/rad]
5.60  -1419                        	   		! GS [rad/s]  KiBr [Nm/rad]
2                                          	! nKpAr - Number of points [-]
5.40  -9485	                                ! GS [rad/s]  KpAr [Nms/rad]
6.50  -9485                                 ! GS [rad/s]  KpAr [Nms/rad]
2                                     	    ! nKiAr - Number of points [-]
5.40  -12770                          		! GS [rad/s]  KiAr [Nm/rad]
6.50  -12770                      		    ! GS [rad/s]  KiAr [Nm/rad]
#PITCH PI GAINS (GS on pitch angle):
30                                      	! PC_GS_n - Number of gain scheduling breakpoints [-]
0.0 0.154248 0.174088 0.191834 0.208118 0.223336 0.237729 0.251455 0.264636 0.277194 0.289150 0.300849 0.312186 0.323056 0.333829 0.344197 0.354388 0.364415 0.374109 0.383793 0.393053 0.402339 0.411264 0.420182 0.428783 0.437383 0.445746 0.454164 0.462360 0.470617    									! PC_GS_angles 	[rad]
-0.103956 -0.086599 -0.072157 -0.059953 -0.049502 -0.040454 -0.032543 -0.025567 -0.019371 -0.013829 -0.008845 -0.004337 -0.000240 0.003499 0.006925 0.010076 0.012984 0.015676 0.018174 0.020500 0.022671 0.024701 0.026604 0.028391 0.030073 0.031658 0.033155 0.034571 0.035913 0.037185  				    ! PC_GS_Kp 		[s]
-0.050813 -0.046156 -0.042281 -0.039006 -0.036202 -0.033774 -0.031652 -0.029780 -0.028117 -0.026631 -0.025293 -0.024084 -0.022984 -0.021981 -0.021062 -0.020216 -0.019436 -0.018714 -0.018044 -0.017419 -0.016837 -0.016292 -0.015782 -0.015302 -0.014851 -0.014426 -0.014024 -0.013644 -0.013284 -0.012943     ! PC_GS_Ki 		[-]
#PEAK SHAVING:
60                                          ! PS_n - Number of breakpoints [-]
2.000 2.345 2.690 3.034 3.379 3.724 4.069 4.414 4.759 5.103 5.448 5.793 6.138 6.483 6.828 7.172 7.517 7.862 8.207 8.552 8.897 9.241 9.586 9.931 10.276 10.621 10.966 11.310 11.655 12.000 12.267 12.533 12.800 13.067 13.333 13.600 13.867 14.133 14.400 14.667 14.933 15.200 15.467 15.733 16.000 16.267 16.533 16.800 17.067 17.333 17.600 17.867 18.133 18.400 18.667 18.933 19.200 19.467 19.733 20.000    ! PS_WindSpeeds [m/s]
0.001 0.001 0.001 0.001 0.001 0.001 0.001 0.001 0.001 0.001 0.001 0.001 0.001 0.001 0.001 0.001 0.001 0.001 0.001 0.001 0.013 0.030 0.047 0.062 0.077 0.091 0.105 0.119 0.132 0.145 0.155 0.164 0.174 0.183 0.193 0.202 0.211 0.220 0.229 0.238 0.247 0.255 0.264 0.272 0.281 0.289 0.297 0.305 0.314 0.322 0.330 0.338 0.345 0.353 0.361 0.369 0.376 0.384 0.391 0.398  ! PS_BldPitchMin [rad]
#EKF SYSTEM POLES:
60                                          ! WE_FOPoles_n - Number of breakpoints [-]
2.0000 2.3448 2.6897 3.0345 3.3793 3.7241 4.0690 4.4138 4.7586 5.1034 5.4483 5.7931 6.1379 6.4828 6.8276 7.1724 7.5172 7.8621 8.2069 8.5517 8.8966 9.2414 9.5862 9.9310 10.2759 10.6207 10.9655 11.3103 11.6552 12.0000 12.2667 12.5333 12.8000 13.0667 13.3333 13.6000 13.8667 14.1333 14.4000 14.6667 14.9333 15.2000 15.4667 15.7333 16.0000 16.2667 16.5333 16.8000 17.0667 17.3333 17.6000 17.8667 18.1333 18.4000 18.6667 18.9333 19.2000 19.4667 19.7333 20.0000    ! WE_FOPoles_v [m/s]
-0.04473247 -0.05244497 -0.06015746 -0.06786996 -0.07558245 -0.08329495 -0.09100744 -0.09871994 -0.10643243 -0.11414493 -0.12185742 -0.12956992 -0.13728241 -0.14499491 -0.15270740 -0.16041990 -0.16813239 -0.17046246 -0.16535090 -0.16131667 -0.13391534 -0.10251232 -0.07524872 -0.03085040 0.01871651 0.03203468 0.08842303 0.09602714 0.15464543 -0.04711137 -0.12406106 -0.19135870 -0.25517144 -0.31773596 -0.37761204 -0.43053718 -0.48386945 -0.53844283 -0.59482336 -0.65217223 -0.70996711 -0.77067606 -0.83329344 -0.88428618 -0.93728989 -0.98923206 -1.04256869 -1.09793138 -1.15275738 -1.21200189 -1.26892953 -1.33118241 -1.39166433 -1.45748626 -1.53198101 -1.62664547 -1.71909685 -1.81799033 -1.91228032 -2.01376037    ! WE_FOPoles [1/s]
#CP PERFORMANCE TABLE (for TBE/EKF, also used to derive Cp/TSR 1D curve):
64  28                                     	! Cp_nPitch  Cp_nTSR - Matrix dimensions [-] [-]
-7.0   -6.5   -6.0   -5.5   -5.0   -4.5   -4.0   -3.5   -3.0   -2.5   -2.0   -1.5   -1.0   -0.5   0.0   0.5   1.0   1.5   2.0   2.5   3.0   3.5   4.0   4.5   5.0   5.5   6.0   6.5   7.0   7.5   8.0   8.5   9.0   9.5   10.0   10.5   11.0   11.5   12.0   12.5   13.0   13.5   14.0   14.5   15.0   15.5   16.0   16.5   17.0   17.5   18.0   18.5   19.0   19.5   20.0   20.5   21.0   21.5   22.0   22.5   23.0   23.5   24.0   24.5! Cp_v_pitch [deg]
1.0    1.5    2.0    2.5    3.0    3.5    4.0    4.5    5.0    5.5    6.0    6.5    7.0    7.5    8.0    8.5    9.0    9.5    10.0    10.5    11.0    11.5    12.0    12.5    13.0    13.5    14.0    14.5  ! Cp_v_TSR   [-]
0.008432   0.008963   0.009491   0.010014   0.010534   0.011049   0.011562   0.012071   0.012576   0.013079   0.013580   0.014077   0.014573   0.015066   0.015557   0.016046   0.016533   0.017019   0.017503   0.017986   0.018468   0.018948   0.019426   0.019904   0.020380   0.020855   0.021329   0.021803   0.022276   0.022748   0.023218   0.023686   0.024153   0.024617   0.025079   0.025538   0.025994   0.026448   0.026898   0.027345   0.027787   0.028225   0.028658   0.029087   0.029511   0.029930   0.030345   0.030755   0.031161   0.031562   0.031958   0.032350   0.032737   0.033120   0.033499   0.033874   0.034245   0.034612   0.034975   0.035333   0.035685   0.036037   0.036394   0.036758   
0.013518   0.014536   0.015555   0.016574   0.017593   0.018613   0.019633   0.020654   0.021675   0.022697   0.023720   0.024745   0.025773   0.026803   0.027834   0.028866   0.029897   0.030928   0.031958   0.032987   0.034015   0.035042   0.036067   0.037089   0.038108   0.039122   0.040131   0.041137   0.042138   0.043136   0.044130   0.045121   0.046107   0.047090   0.048069   0.049043   0.050005   0.050951   0.051892   0.052836   0.053790   0.054761   0.055753   0.056769   0.057811   0.058887   0.060002   0.061152   0.062317   0.063482   0.064638   0.065767   0.066851   0.067875   0.068828   0.069705   0.070502   0.071218   0.071856   0.072418   0.072911   0.073338   0.073702   0.074007   
0.021905   0.023880   0.025859   0.027841   0.029825   0.031811   0.033799   0.035786   0.037773   0.039759   0.041743   0.043725   0.045702   0.047676   0.049645   0.051611   0.053573   0.055531   0.057485   0.059435   0.061378   0.063305   0.065189   0.067044   0.068887   0.070751   0.072655   0.074595   0.076579   0.078633   0.080789   0.083036   0.085345   0.087680   0.090009   0.092288   0.094478   0.096547   0.098477   0.100253   0.101869   0.103322   0.104621   0.105776   0.106800   0.107704   0.108495   0.109178   0.109750   0.110209   0.110545   0.110752   0.110819   0.110737   0.110497   0.110089   0.109508   0.108748   0.107803   0.106671   0.105348   0.103834   0.102128   0.100230   
0.038094   0.041544   0.044990   0.048431   0.051868   0.055299   0.058726   0.062147   0.065561   0.068965   0.072358   0.075713   0.078973   0.082142   0.085273   0.088445   0.091683   0.094990   0.098429   0.102067   0.105910   0.109906   0.113979   0.118035   0.121986   0.125772   0.129347   0.132680   0.135744   0.138524   0.141025   0.143265   0.145267   0.147058   0.148657   0.150077   0.151322   0.152390   0.153270   0.153949   0.154411   0.154642   0.154625   0.154348   0.153800   0.152970   0.151852   0.150439   0.148728   0.146718   0.144411   0.141809   0.138916   0.135739   0.132285   0.128564   0.124585   0.120361   0.115906   0.111233   0.106358   0.101297   0.096066   0.090683   
0.065066   0.070541   0.075994   0.081413   0.086723   0.091824   0.096733   0.101594   0.106529   0.111584   0.116866   0.122508   0.128551   0.134909   0.141390   0.147799   0.154005   0.159932   0.165522   0.170725   0.175499   0.179825   0.183717   0.187212   0.190352   0.193179   0.195723   0.198000   0.200011   0.201744   0.203182   0.204298   0.205069   0.205473   0.205490   0.205101   0.204292   0.203051   0.201370   0.199246   0.196678   0.193671   0.190232   0.186373   0.182106   0.177448   0.172416   0.167028   0.161306   0.155268   0.148938   0.142337   0.135486   0.128408   0.121121   0.113647   0.106004   0.098210   0.090285   0.082244   0.074106   0.065886   0.057604   0.049279   
0.103595   0.110667   0.117761   0.125037   0.132707   0.141021   0.150046   0.159567   0.169191   0.178607   0.187656   0.196259   0.204348   0.211851   0.218718   0.224940   0.230552   0.235614   0.240188   0.244326   0.248059   0.251395   0.254321   0.256813   0.258834   0.260351   0.261334   0.261756   0.261599   0.260846   0.259485   0.257511   0.254922   0.251724   0.247930   0.243557   0.238627   0.233167   0.227200   0.220756   0.213861   0.206541   0.198825   0.190738   0.182305   0.173551   0.164500   0.155174   0.145597   0.135788   0.125769   0.115559   0.105178   0.094643   0.083974   0.073190   0.062309   0.051353   0.040343   0.029307   0.018277   0.007296   -0.003586   -0.014311   
0.151936   0.164554   0.177972   0.191537   0.204760   0.217421   0.229430   0.240708   0.251171   0.260765   0.269489   0.277394   0.284556   0.291046   0.296913   0.302178   0.306835   0.310859   0.314211   0.316853   0.318753   0.319886   0.320240   0.319804   0.318577   0.316565   0.313778   0.310233   0.305951   0.300958   0.295286   0.288967   0.282034   0.274519   0.266450   0.257857   0.248764   0.239199   0.229186   0.218750   0.207915   0.196707   0.185148   0.173264   0.161076   0.148607   0.135878   0.122910   0.109724   0.096339   0.082777   0.069059   0.055207   0.041244   0.027194   0.013088   -0.001036   -0.015126   -0.029115   -0.042926   -0.056472   -0.069674   -0.082492   -0.094936   
0.227287   0.244099   0.259966   0.274798   0.288516   0.301093   0.312561   0.322987   0.332446   0.340988   0.348631   0.355369   0.361185   0.366053   0.369947   0.372856   0.374779   0.375728   0.375720   0.374781   0.372938   0.370219   0.366651   0.362261   0.357077   0.351123   0.344427   0.337015   0.328911   0.320139   0.310722   0.300681   0.290038   0.278816   0.267036   0.254723   0.241901   0.228596   0.214833   0.200639   0.186040   0.171060   0.155724   0.140053   0.124071   0.107800   0.091264   0.074488   0.057494   0.040309   0.022956   0.005463   -0.012136   -0.029793   -0.047442   -0.064995   -0.082348   -0.099387   -0.116012   -0.132177   -0.147917   -0.163348   -0.178641   -0.193962   
0.306792   0.323056   0.337981   0.351642   0.364077   0.375286   0.385247   0.393940   0.401357   0.407513   0.412443   0.416202   0.418851   0.420451   0.421058   0.420715   0.419460   0.417317   0.414302   0.410425   0.405692   0.400107   0.393676   0.386409   0.378315   0.369407   0.359700   0.349209   0.337951   0.325945   0.313209   0.299768   0.285643   0.270863   0.255455   0.239450   0.222877   0.205767   0.188149   0.170048   0.151492   0.132506   0.113115   0.093348   0.073231   0.052792   0.032056   0.011050   -0.010197   -0.031654   -0.053272   -0.074986   -0.096699   -0.118286   -0.139607   -0.160520   -0.180927   -0.200824   -0.220330   -0.239663   -0.259056   -0.278672   -0.298438   -0.318025   
0.362241   0.375788   0.387910   0.398651   0.408080   0.416310   0.423464   0.429643   0.434900   0.439255   0.442720   0.445301   0.446982   0.447729   0.447509   0.446296   0.444079   0.440842   0.436575   0.431272   0.424929   0.417550   0.409139   0.399707   0.389268   0.377835   0.365429   0.352069   0.337779   0.322586   0.306518   0.289610   0.271895   0.253411   0.234195   0.214283   0.193709   0.172501   0.150691   0.128309   0.105385   0.081952   0.058040   0.033678   0.008894   -0.016284   -0.041824   -0.067689   -0.093826   -0.120151   -0.146545   -0.172850   -0.198892   -0.224495   -0.249542   -0.274044   -0.298177   -0.322246   -0.346538   -0.371227   -0.396125   -0.420675   -0.444455   -0.467344   
0.368450   0.378115   0.387123   0.395619   0.403719   0.411507   0.419037   0.426325   0.433314   0.439852   0.445739   0.450743   0.454616   0.457213   0.458485   0.458354   0.456755   0.453684   0.449168   0.443235   0.435908   0.427213   0.417177   0.405828   0.393193   0.379306   0.364198   0.347907   0.330472   0.311934   0.292341   0.271740   0.250177   0.227698   0.204343   0.180149   0.155152   0.129388   0.102894   0.075707   0.047860   0.019386   -0.009686   -0.039325   -0.069498   -0.100166   -0.131276   -0.162741   -0.194429   -0.226159   -0.257724   -0.288904   -0.319525   -0.349555   -0.379164   -0.408724   -0.438614   -0.469086   -0.500008   -0.530627   -0.560135   -0.588397   -0.615696   -0.641933   
0.346599   0.357228   0.367375   0.377092   0.386424   0.395413   0.404093   0.412499   0.420658   0.428583   0.436269   0.443593   0.450209   0.455583   0.459341   0.461280   0.461289   0.459234   0.455117   0.449030   0.441059   0.431275   0.419741   0.406517   0.391660   0.375227   0.357276   0.337866   0.317059   0.294918   0.271507   0.246885   0.221103   0.194210   0.166250   0.137268   0.107307   0.076412   0.044620   0.011967   -0.021514   -0.055789   -0.090824   -0.126581   -0.163010   -0.200035   -0.237531   -0.275310   -0.313136   -0.350752   -0.387905   -0.424449   -0.460457   -0.496281   -0.532418   -0.569270   -0.606957   -0.644849   -0.681648   -0.716582   -0.750148   -0.782902   -0.813931   -0.837901   
0.317505   0.330094   0.342154   0.353723   0.364833   0.375511   0.385776   0.395645   0.405144   0.414303   0.423140   0.431658   0.439825   0.447340   0.453538   0.457759   0.459724   0.459213   0.455986   0.450080   0.441668   0.430891   0.417870   0.402709   0.385505   0.366349   0.345332   0.322541   0.298064   0.271984   0.244375   0.215300   0.184817   0.152984   0.119855   0.085483   0.049913   0.013187   -0.024658   -0.063584   -0.103555   -0.144530   -0.186465   -0.229299   -0.272931   -0.317194   -0.361850   -0.406610   -0.451167   -0.495237   -0.538697   -0.581728   -0.624835   -0.668610   -0.713471   -0.759345   -0.805059   -0.848775   -0.889971   -0.929915   -0.969129   -1.005361   -1.029399   -1.032508   
0.281942   0.297063   0.311588   0.325535   0.338914   0.351726   0.363973   0.375663   0.386814   0.397456   0.407621   0.417334   0.426625   0.435465   0.443466   0.449776   0.453620   0.454708   0.452676   0.447206   0.438475   0.426727   0.412156   0.394928   0.375189   0.353074   0.328710   0.302218   0.273707   0.243270   0.210990   0.176939   0.141191   0.103813   0.064862   0.024388   -0.017564   -0.060952   -0.105732   -0.151862   -0.199296   -0.247982   -0.297849   -0.348773   -0.400553   -0.452902   -0.505483   -0.557936   -0.609932   -0.661345   -0.712439   -0.763839   -0.816242   -0.870101   -0.925194   -0.979834   -1.031569   -1.080073   -1.127421   -1.174171   -1.216762   -1.242502   -1.240657   -1.233708   
0.240334   0.258433   0.275880   0.292648   0.308709   0.324038   0.338624   0.352463   0.365568   0.377967   0.389694   0.400785   0.411274   0.421206   0.430505   0.438502   0.444110   0.446622   0.445769   0.440909   0.431927   0.419172   0.402938   0.383462   0.360953   0.335596   0.307557   0.276983   0.243998   0.208708   0.171210   0.131595   0.089942   0.046317   0.000775   -0.046632   -0.095853   -0.146839   -0.199539   -0.253900   -0.309863   -0.367349   -0.426222   -0.486253   -0.547113   -0.608416   -0.669749   -0.730718   -0.791150   -0.851338   -0.912000   -0.973965   -1.037771   -1.103173   -1.168111   -1.229343   -1.286352   -1.342049   -1.397509   -1.448421   -1.479619   -1.474778   -1.462224   -1.482102   
0.193768   0.214812   0.235350   0.255213   0.274269   0.292437   0.309675   0.325967   0.341315   0.355740   0.369272   0.381945   0.393804   0.404912   0.415272   0.424625   0.431773   0.435631   0.435722   0.431499   0.422289   0.408451   0.390397   0.368456   0.342903   0.313976   0.281876   0.246772   0.208807   0.168106   0.124785   0.078937   0.030638   -0.020045   -0.073049   -0.128313   -0.185777   -0.245381   -0.307065   -0.370765   -0.436395   -0.503817   -0.572786   -0.642942   -0.713851   -0.785044   -0.856050   -0.926590   -0.996913   -1.067796   -1.140211   -1.214862   -1.291639   -1.368405   -1.441014   -1.508016   -1.572981   -1.638266   -1.699732   -1.741619   -1.738704   -1.717208   -1.733988   -1.784517   
0.145430   0.168278   0.191097   0.213692   0.235750   0.256957   0.277116   0.296139   0.314000   0.330706   0.346277   0.360743   0.374148   0.386566   0.398029   0.408468   0.416969   0.422053   0.422907   0.419173   0.409717   0.394682   0.374619   0.349958   0.321047   0.288172   0.251567   0.211428   0.167922   0.121194   0.071357   0.018506   -0.037274   -0.095906   -0.157315   -0.221430   -0.288181   -0.357496   -0.429306   -0.503523   -0.580013   -0.658532   -0.738701   -0.820045   -0.902038   -0.984132   -1.065895   -1.147432   -1.229516   -1.313250   -1.399581   -1.488683   -1.578754   -1.664974   -1.744019   -1.819315   -1.895253   -1.969148   -2.026749   -2.035254   -2.003643   -2.007872   -2.062516   -2.125526   
0.099286   0.122362   0.146002   0.169956   0.194036   0.217893   0.241002   0.262958   0.283581   0.302810   0.320642   0.337105   0.352234   0.366108   0.378766   0.390215   0.399875   0.406028   0.407566   0.404061   0.394290   0.377914   0.355620   0.327946   0.295316   0.258063   0.216460   0.170731   0.121062   0.067602   0.010469   -0.050226   -0.114386   -0.181920   -0.252742   -0.326767   -0.403915   -0.484107   -0.567251   -0.653226   -0.741804   -0.832604   -0.925122   -1.018781   -1.112960   -1.207064   -1.300949   -1.395278   -1.491230   -1.590036   -1.692265   -1.796817   -1.898929   -1.992811   -2.080055   -2.167189   -2.254555   -2.331015   -2.363061   -2.328687   -2.308733   -2.359822   -2.432167   -2.504206   
0.058452   0.079968   0.102847   0.126745   0.151367   0.176495   0.201780   0.226520   0.250031   0.271994   0.292307   0.310959   0.327989   0.343465   0.357422   0.369897   0.380571   0.387657   0.389773   0.386259   0.376034   0.358140   0.333357   0.302340   0.265585   0.223480   0.176335   0.124399   0.067865   0.006896   -0.058370   -0.127806   -0.201300   -0.278746   -0.360045   -0.445103   -0.533829   -0.626127   -0.721882   -0.820901   -0.922823   -1.027130   -1.133206   -1.240367   -1.347892   -1.455315   -1.563030   -1.672201   -1.784294   -1.900359   -2.020098   -2.139824   -2.251902   -2.353902   -2.453017   -2.553968   -2.649852   -2.713835   -2.697704   -2.647790   -2.677689   -2.757546   -2.840998   -2.922606   
0.023851   0.042505   0.063367   0.085987   0.109906   0.134911   0.160837   0.187318   0.213450   0.238233   0.261203   0.282239   0.301335   0.318557   0.333920   0.347472   0.359064   0.366974   0.369522   0.365811   0.354935   0.335312   0.307747   0.273014   0.231688   0.184209   0.130921   0.072089   0.007929   -0.061372   -0.135656   -0.214779   -0.298612   -0.387036   -0.479939   -0.577216   -0.678762   -0.784464   -0.894159   -1.007540   -1.124099   -1.243198   -1.364106   -1.486017   -1.608183   -1.730540   -1.854079   -1.980357   -2.110913   -2.246227   -2.384275   -2.517610   -2.638684   -2.751676   -2.865798   -2.980088   -3.076559   -3.104020   -3.041192   -3.023957   -3.101050   -3.196394   -3.290564   -3.378016   
-0.004636   0.010374   0.027934   0.048281   0.070785   0.094745   0.120038   0.146697   0.174282   0.201585   0.227296   0.250870   0.272196   0.291296   0.308172   0.322867   0.335327   0.343974   0.346780   0.342713   0.330936   0.309343   0.278667   0.239809   0.193422   0.139996   0.079902   0.013438   -0.059149   -0.137649   -0.221882   -0.311686   -0.406916   -0.507440   -0.613131   -0.723872   -0.839544   -0.960003   -1.085010   -1.214110   -1.346664   -1.481919   -1.619013   -1.757025   -1.895364   -2.034563   -2.176111   -2.321862   -2.473101   -2.629288   -2.785292   -2.930405   -3.061585   -3.189290   -3.320068   -3.444560   -3.525862   -3.495890   -3.421301   -3.464433   -3.568942   -3.677058   -3.782824   -3.864939   
-0.028305   -0.016532   -0.002890   0.013822   0.033924   0.056509   0.080587   0.106225   0.133693   0.162377   0.190591   0.216797   0.240491   0.261600   0.280088   0.295992   0.309302   0.318600   0.321495   0.316900   0.303955   0.280117   0.245970   0.202540   0.150555   0.090554   0.022952   -0.051916   -0.133771   -0.222379   -0.317537   -0.419065   -0.526802   -0.640599   -0.760318   -0.885826   -1.016986   -1.153613   -1.295352   -1.441601   -1.591609   -1.744487   -1.899217   -2.054817   -2.211094   -2.369207   -2.531062   -2.698634   -2.872590   -3.050637   -3.223266   -3.379418   -3.523699   -3.669228   -3.816419   -3.944074   -3.987455   -3.899737   -3.862641   -3.958191   -4.080351   -4.196109   -4.299120   -4.388912   
-0.048847   -0.039372   -0.029132   -0.016653   -0.000420   0.019801   0.042623   0.066886   0.093020   0.121500   0.151258   0.179981   0.206148   0.229379   0.249574   0.266752   0.280910   0.290765   0.293590   0.288273   0.273884   0.247500   0.209486   0.160994   0.102830   0.035592   -0.040253   -0.124331   -0.216334   -0.316000   -0.423104   -0.537445   -0.658846   -0.787142   -0.922181   -1.063820   -1.211902   -1.366182   -1.526160   -1.691102   -1.860125   -2.032159   -2.206028   -2.380832   -2.556981   -2.736185   -2.920726   -3.112413   -3.310943   -3.510983   -3.698653   -3.866783   -4.027842   -4.193203   -4.354789   -4.472706   -4.455164   -4.339405   -4.369454   -4.498704   -4.636084   -4.748481   -4.842215   -4.953435   
-0.067824   -0.059844   -0.051928   -0.043064   -0.031390   -0.015112   0.005589   0.028689   0.053162   0.080101   0.109859   0.140459   0.169101   0.194546   0.216538   0.235043   0.250050   0.260368   0.262975   0.256716   0.240601   0.211339   0.169026   0.114944   0.049989   -0.025175   -0.110031   -0.204164   -0.307232   -0.418945   -0.539056   -0.667344   -0.803613   -0.947688   -1.099410   -1.258630   -1.425169   -1.598679   -1.778499   -1.963758   -2.153394   -2.346132   -2.540690   -2.736466   -2.934556   -3.137157   -3.346819   -3.564835   -3.789443   -4.010799   -4.212574   -4.395185   -4.576393   -4.762231   -4.933652   -5.023254   -4.933374   -4.837237   -4.933210   -5.082021   -5.218522   -5.341321   -5.446228   -5.546077   
-0.086152   -0.079258   -0.072922   -0.066547   -0.058816   -0.047371   -0.030394   -0.008998   0.014219   0.039062   0.067304   0.098474   0.129302   0.157022   0.180879   0.200757   0.216609   0.227297   0.229540   0.222103   0.203971   0.171465   0.124389   0.064162   -0.008224   -0.092034   -0.186700   -0.291763   -0.406847   -0.531636   -0.665856   -0.809272   -0.961676   -1.122890   -1.292756   -1.471115   -1.657733   -1.852112   -2.053423   -2.260645   -2.472495   -2.687522   -2.904420   -3.123114   -3.345343   -3.573768   -3.810993   -4.057471   -4.309133   -4.550668   -4.766732   -4.967245   -5.171274   -5.377035   -5.550286   -5.588988   -5.436876   -5.402485   -5.547718   -5.702901   -5.838376   -5.976655   -6.082852   -6.181154   
-0.104313   -0.098268   -0.093136   -0.088531   -0.083662   -0.076645   -0.064598   -0.046344   -0.024400   -0.001282   0.024457   0.054583   0.086785   0.116721   0.142498   0.163780   0.180469   0.191437   0.193159   0.184296   0.163843   0.127700   0.075371   0.008421   -0.072060   -0.165264   -0.270567   -0.387467   -0.515555   -0.654486   -0.803972   -0.963766   -1.133662   -1.313477   -1.503041   -1.702162   -1.910517   -2.127424   -2.351905   -2.582758   -2.818462   -3.057432   -3.298469   -3.542173   -3.790865   -4.047627   -4.314835   -4.591809   -4.870846   -5.131484   -5.363348   -5.585310   -5.813939   -6.037860   -6.200517   -6.166913   -5.986811   -6.031428   -6.194652   -6.366242   -6.504802   -6.672682   -6.745212   -6.891406   
-0.122617   -0.117252   -0.113094   -0.109872   -0.107101   -0.103579   -0.096511   -0.082866   -0.063185   -0.041289   -0.018118   0.009532   0.041727   0.073577   0.101298   0.124001   0.141510   0.152671   0.153699   0.143150   0.120059   0.079864   0.021770   -0.052504   -0.141767   -0.245136   -0.361931   -0.491609   -0.633730   -0.787932   -0.953917   -1.131436   -1.320268   -1.520211   -1.731068   -1.952599   -2.184361   -2.425495   -2.674874   -2.931066   -3.192335   -3.456991   -3.724117   -3.995043   -4.272634   -4.560309   -4.859887   -5.169169   -5.475359   -5.754538   -6.004757   -6.251477   -6.505588   -6.744074   -6.879886   -6.761137   -6.598268   -6.711024   -6.886827   -7.075679   -7.222051   -7.371073   -7.505219   -7.671473   
-0.141285   -0.136466   -0.133115   -0.131038   -0.129923   -0.129061   -0.126371   -0.118005   -0.102036   -0.081594   -0.060352   -0.036027   -0.005463   0.027570   0.057175   0.081304   0.099611   0.110872   0.111022   0.098519   0.072459   0.027777   -0.036610   -0.118828   -0.217582   -0.331914   -0.461090   -0.604534   -0.761785   -0.932469   -1.116275   -1.312927   -1.522178   -1.743799   -1.977564   -2.223186   -2.480073   -2.747194   -3.023255   -3.306546   -3.595163   -3.887345   -4.182650   -4.483122   -4.792155   -5.113352   -5.447658   -5.790739   -6.123541   -6.421454   -6.693242   -6.967565   -7.247239   -7.494505   -7.584067   -7.381827   -7.268957   -7.437174   -7.635007   -7.822409   -7.987908   -8.103199   -8.320707   -8.530093   

#IMPORTANT NOTES!
# DO NOT ADD, REMOVE OR CHANGE THE ORDER OF THE INPUTS. DO NOT ADD LINES IN THE FILE OR REMOVE THE HEADERS
# DO NOT RENAME THIS INPUT FILE.
# THIS FILE MUST BE PLACED IN THE OPENFAST PATH

